\begin{tabular}{ccccccccccccccccc}
\par \toprule
$-3224.4$ & $-880.4$ & $-1428.4$ & $-387.6$ & $-1305.7$ & $-1546.8$ & $-2619.4$ & $-1210.7$ & $-6304.6$ & $-5761.3$ & $-23783.2$ & $-23599.2$ & $-1405.0$ & $-664.4$ & $-681.9$ & $-674.4$ & $-582.9$\\
$-880.4$ & $-880.4$ & $0.0$ & $-10.1$ & $-404.2$ & $-421.3$ & $-686.3$ & $-332.0$ & $-1720.8$ & $-1655.1$ & $-6608.0$ & $-6563.0$ & $-390.1$ & $-163.8$ & $-189.3$ & $-211.6$ & $-170.1$\\
$-1428.4$ & $0.0$ & $-1428.3$ & $-165.2$ & $-560.3$ & $-676.0$ & $-1192.1$ & $-544.7$ & $-2796.0$ & $-2551.2$ & $-10512.7$ & $-10428.5$ & $-586.9$ & $-283.7$ & $-308.9$ & $-299.4$ & $-266.6$\\
$-387.6$ & $-10.1$ & $-165.2$ & $-715.6$ & $-185.7$ & $-187.9$ & $-325.0$ & $-152.4$ & $-783.9$ & $-694.0$ & $-2739.2$ & $-2721.0$ & $43.9$ & $-59.8$ & $-104.7$ & $-92.4$ & $-77.3$\\
$-1305.7$ & $-404.2$ & $-560.3$ & $-185.7$ & $-1305.6$ & $-693.5$ & $-973.1$ & $-501.4$ & $-2556.4$ & $-2592.7$ & $-9553.5$ & $-9586.9$ & $-502.0$ & $-214.5$ & $-291.0$ & $-299.4$ & $-192.9$\\
$-1546.8$ & $-421.3$ & $-676.0$ & $-187.9$ & $-693.5$ & $-806.5$ & $-1231.5$ & $-585.3$ & $-3024.7$ & $-2841.4$ & $-11435.2$ & $-11359.5$ & $-660.5$ & $-312.1$ & $-326.3$ & $-325.5$ & $-283.0$\\
$-2619.4$ & $-686.3$ & $-1192.1$ & $-325.0$ & $-973.1$ & $-1231.5$ & $-2224.7$ & $-992.5$ & $-5125.9$ & $-4620.7$ & $-19218.6$ & $-19050.9$ & $-1228.3$ & $-545.1$ & $-551.4$ & $-540.1$ & $-477.4$\\
$-1210.7$ & $-332.0$ & $-544.7$ & $-152.4$ & $-501.4$ & $-585.3$ & $-992.5$ & $-528.5$ & $-2369.9$ & $-2169.3$ & $-8869.9$ & $-8798.6$ & $-557.5$ & $-248.1$ & $-257.3$ & $-253.3$ & $-220.4$\\
$-6304.6$ & $-1720.8$ & $-2796.0$ & $-783.9$ & $-2556.4$ & $-3024.7$ & $-5125.9$ & $-2369.9$ & $-12464.4$ & $-11264.8$ & $-46482.7$ & $-46118.4$ & $-2719.0$ & $-1297.9$ & $-1333.3$ & $-1318.9$ & $-1134.6$\\
$-5761.3$ & $-1655.1$ & $-2551.2$ & $-694.0$ & $-2592.7$ & $-2841.4$ & $-4620.7$ & $-2169.3$ & $-11264.8$ & $-10834.7$ & $-42612.4$ & $-42303.3$ & $-2419.5$ & $-1169.9$ & $-1223.7$ & $-1213.9$ & $-1033.6$\\
$-23783.2$ & $-6608.0$ & $-10512.7$ & $-2739.2$ & $-9553.5$ & $-11435.2$ & $-19218.6$ & $-8869.9$ & $-46482.7$ & $-42612.4$ & $-176722.2$ & $-175070.8$ & $-10062.1$ & $-4908.2$ & $-5017.5$ & $-4970.1$ & $-4271.6$\\
$-23599.2$ & $-6563.0$ & $-10428.5$ & $-2721.0$ & $-9586.9$ & $-11359.5$ & $-19050.9$ & $-8798.6$ & $-46118.4$ & $-42303.3$ & $-175070.8$ & $-174101.2$ & $-9978.7$ & $-4851.0$ & $-4978.9$ & $-4944.8$ & $-4247.1$\\
$-1405.0$ & $-390.1$ & $-586.9$ & $43.9$ & $-502.0$ & $-660.5$ & $-1228.3$ & $-557.5$ & $-2719.0$ & $-2419.5$ & $-10062.1$ & $-9978.7$ & $-1404.9$ & $-293.0$ & $-306.9$ & $-305.7$ & $-268.4$\\
$-664.4$ & $-163.8$ & $-283.7$ & $-59.8$ & $-214.5$ & $-312.1$ & $-545.1$ & $-248.1$ & $-1297.9$ & $-1169.9$ & $-4908.2$ & $-4851.0$ & $-293.0$ & $-664.3$ & $0.0$ & $0.0$ & $0.0$\\
$-681.9$ & $-189.3$ & $-308.9$ & $-104.7$ & $-291.0$ & $-326.3$ & $-551.4$ & $-257.3$ & $-1333.3$ & $-1223.7$ & $-5017.5$ & $-4978.9$ & $-306.9$ & $0.0$ & $-681.8$ & $0.0$ & $0.0$\\
$-674.4$ & $-211.6$ & $-299.4$ & $-92.4$ & $-299.4$ & $-325.5$ & $-540.1$ & $-253.3$ & $-1318.9$ & $-1213.9$ & $-4970.1$ & $-4944.8$ & $-305.7$ & $0.0$ & $0.0$ & $-674.3$ & $0.0$\\
$-582.9$ & $-170.1$ & $-266.6$ & $-77.3$ & $-192.9$ & $-283.0$ & $-477.4$ & $-220.4$ & $-1134.6$ & $-1033.6$ & $-4271.6$ & $-4247.1$ & $-268.4$ & $0.0$ & $0.0$ & $0.0$ & $-582.9$\\
\par \toprule
\end{tabular}
